from math import factorial
import math
import numpy as np

"""
    SCALER MATRICES ARE DEFINED PRIOR TO COMPUTATION FOR BETTER PERFORMANCE
"""
matrixLUT = {
	"33": np.array([
		[1,2,1,],
		[2,4,2,],
		[1,2,1,],
	]),
	"23": np.array([
		[1,2,1,],
		[1,2,1,],
	]),
	"32": np.array([
		[1,1,],
		[2,2,],
		[1,1,],
	]),
	"44": np.array([
		[1,3,3,1,],
		[3,9,9,3,],
		[3,9,9,3,],
		[1,3,3,1,],
	]),
	"34": np.array([
		[1,3,3,1,],
		[2,6,6,2,],
		[1,3,3,1,],
	]),
	"43": np.array([
		[1,2,1,],
		[3,6,3,],
		[3,6,3,],
		[1,2,1,],
	]),
	"55": np.array([
		[1,4,6,4,1,],
		[4,16,24,16,4,],
		[6,24,36,24,6,],
		[4,16,24,16,4,],
		[1,4,6,4,1,],
	]),
	"45": np.array([
		[1,4,6,4,1,],
		[3,12,18,12,3,],
		[3,12,18,12,3,],
		[1,4,6,4,1,],
	]),
	"54": np.array([
		[1,3,3,1,],
		[4,12,12,4,],
		[6,18,18,6,],
		[4,12,12,4,],
		[1,3,3,1,],
	]),
	"66": np.array([
		[1,5,10,10,5,1,],
		[5,25,50,50,25,5,],
		[10,50,100,100,50,10,],
		[10,50,100,100,50,10,],
		[5,25,50,50,25,5,],
		[1,5,10,10,5,1,],
	]),
	"56": np.array([
		[1,5,10,10,5,1,],
		[4,20,40,40,20,4,],
		[6,30,60,60,30,6,],
		[4,20,40,40,20,4,],
		[1,5,10,10,5,1,],
	]),
	"65": np.array([
		[1,4,6,4,1,],
		[5,20,30,20,5,],
		[10,40,60,40,10,],
		[10,40,60,40,10,],
		[5,20,30,20,5,],
		[1,4,6,4,1,],
	]),
	"77": np.array([
		[1,6,15,20,15,6,1,],
		[6,36,90,120,90,36,6,],
		[15,90,225,300,225,90,15,],
		[20,120,300,400,300,120,20,],
		[15,90,225,300,225,90,15,],
		[6,36,90,120,90,36,6,],
		[1,6,15,20,15,6,1,],
	]),
	"67": np.array([
		[1,6,15,20,15,6,1,],
		[5,30,75,100,75,30,5,],
		[10,60,150,200,150,60,10,],
		[10,60,150,200,150,60,10,],
		[5,30,75,100,75,30,5,],
		[1,6,15,20,15,6,1,],
	]),
	"76": np.array([
		[1,5,10,10,5,1,],
		[6,30,60,60,30,6,],
		[15,75,150,150,75,15,],
		[20,100,200,200,100,20,],
		[15,75,150,150,75,15,],
		[6,30,60,60,30,6,],
		[1,5,10,10,5,1,],
	]),
	"88": np.array([
		[1,7,21,35,35,21,7,1,],
		[7,49,147,245,245,147,49,7,],
		[21,147,441,735,735,441,147,21,],
		[35,245,735,1225,1225,735,245,35,],
		[35,245,735,1225,1225,735,245,35,],
		[21,147,441,735,735,441,147,21,],
		[7,49,147,245,245,147,49,7,],
		[1,7,21,35,35,21,7,1,],
	]),
	"78": np.array([
		[1,7,21,35,35,21,7,1,],
		[6,42,126,210,210,126,42,6,],
		[15,105,315,525,525,315,105,15,],
		[20,140,420,700,700,420,140,20,],
		[15,105,315,525,525,315,105,15,],
		[6,42,126,210,210,126,42,6,],
		[1,7,21,35,35,21,7,1,],
	]),
	"87": np.array([
		[1,6,15,20,15,6,1,],
		[7,42,105,140,105,42,7,],
		[21,126,315,420,315,126,21,],
		[35,210,525,700,525,210,35,],
		[35,210,525,700,525,210,35,],
		[21,126,315,420,315,126,21,],
		[7,42,105,140,105,42,7,],
		[1,6,15,20,15,6,1,],
	]),
	"99": np.array([
		[1,8,28,56,70,56,28,8,1,],
		[8,64,224,448,560,448,224,64,8,],
		[28,224,784,1568,1960,1568,784,224,28,],
		[56,448,1568,3136,3920,3136,1568,448,56,],
		[70,560,1960,3920,4900,3920,1960,560,70,],
		[56,448,1568,3136,3920,3136,1568,448,56,],
		[28,224,784,1568,1960,1568,784,224,28,],
		[8,64,224,448,560,448,224,64,8,],
		[1,8,28,56,70,56,28,8,1,],
	]),
	"89": np.array([
		[1,8,28,56,70,56,28,8,1,],
		[7,56,196,392,490,392,196,56,7,],
		[21,168,588,1176,1470,1176,588,168,21,],
		[35,280,980,1960,2450,1960,980,280,35,],
		[35,280,980,1960,2450,1960,980,280,35,],
		[21,168,588,1176,1470,1176,588,168,21,],
		[7,56,196,392,490,392,196,56,7,],
		[1,8,28,56,70,56,28,8,1,],
	]),
	"98": np.array([
		[1,7,21,35,35,21,7,1,],
		[8,56,168,280,280,168,56,8,],
		[28,196,588,980,980,588,196,28,],
		[56,392,1176,1960,1960,1176,392,56,],
		[70,490,1470,2450,2450,1470,490,70,],
		[56,392,1176,1960,1960,1176,392,56,],
		[28,196,588,980,980,588,196,28,],
		[8,56,168,280,280,168,56,8,],
		[1,7,21,35,35,21,7,1,],
	]),
	"1010": np.array([
		[1,9,36,84,126,126,84,36,9,1,],
		[9,81,324,756,1134,1134,756,324,81,9,],
		[36,324,1296,3024,4536,4536,3024,1296,324,36,],
		[84,756,3024,7056,10584,10584,7056,3024,756,84,],
		[126,1134,4536,10584,15876,15876,10584,4536,1134,126,],
		[126,1134,4536,10584,15876,15876,10584,4536,1134,126,],
		[84,756,3024,7056,10584,10584,7056,3024,756,84,],
		[36,324,1296,3024,4536,4536,3024,1296,324,36,],
		[9,81,324,756,1134,1134,756,324,81,9,],
		[1,9,36,84,126,126,84,36,9,1,],
	]),
	"910": np.array([
		[1,9,36,84,126,126,84,36,9,1,],
		[8,72,288,672,1008,1008,672,288,72,8,],
		[28,252,1008,2352,3528,3528,2352,1008,252,28,],
		[56,504,2016,4704,7056,7056,4704,2016,504,56,],
		[70,630,2520,5880,8820,8820,5880,2520,630,70,],
		[56,504,2016,4704,7056,7056,4704,2016,504,56,],
		[28,252,1008,2352,3528,3528,2352,1008,252,28,],
		[8,72,288,672,1008,1008,672,288,72,8,],
		[1,9,36,84,126,126,84,36,9,1,],
	]),
	"109": np.array([
		[1,8,28,56,70,56,28,8,1,],
		[9,72,252,504,630,504,252,72,9,],
		[36,288,1008,2016,2520,2016,1008,288,36,],
		[84,672,2352,4704,5880,4704,2352,672,84,],
		[126,1008,3528,7056,8820,7056,3528,1008,126,],
		[126,1008,3528,7056,8820,7056,3528,1008,126,],
		[84,672,2352,4704,5880,4704,2352,672,84,],
		[36,288,1008,2016,2520,2016,1008,288,36,],
		[9,72,252,504,630,504,252,72,9,],
		[1,8,28,56,70,56,28,8,1,],
	]),
	"1111": np.array([
		[1,10,45,120,210,252,210,120,45,10,1,],
		[10,100,450,1200,2100,2520,2100,1200,450,100,10,],
		[45,450,2025,5400,9450,11340,9450,5400,2025,450,45,],
		[120,1200,5400,14400,25200,30240,25200,14400,5400,1200,120,],
		[210,2100,9450,25200,44100,52920,44100,25200,9450,2100,210,],
		[252,2520,11340,30240,52920,63504,52920,30240,11340,2520,252,],
		[210,2100,9450,25200,44100,52920,44100,25200,9450,2100,210,],
		[120,1200,5400,14400,25200,30240,25200,14400,5400,1200,120,],
		[45,450,2025,5400,9450,11340,9450,5400,2025,450,45,],
		[10,100,450,1200,2100,2520,2100,1200,450,100,10,],
		[1,10,45,120,210,252,210,120,45,10,1,],
	]),
	"1011": np.array([
		[1,10,45,120,210,252,210,120,45,10,1,],
		[9,90,405,1080,1890,2268,1890,1080,405,90,9,],
		[36,360,1620,4320,7560,9072,7560,4320,1620,360,36,],
		[84,840,3780,10080,17640,21168,17640,10080,3780,840,84,],
		[126,1260,5670,15120,26460,31752,26460,15120,5670,1260,126,],
		[126,1260,5670,15120,26460,31752,26460,15120,5670,1260,126,],
		[84,840,3780,10080,17640,21168,17640,10080,3780,840,84,],
		[36,360,1620,4320,7560,9072,7560,4320,1620,360,36,],
		[9,90,405,1080,1890,2268,1890,1080,405,90,9,],
		[1,10,45,120,210,252,210,120,45,10,1,],
	]),
	"1110": np.array([
		[1,9,36,84,126,126,84,36,9,1,],
		[10,90,360,840,1260,1260,840,360,90,10,],
		[45,405,1620,3780,5670,5670,3780,1620,405,45,],
		[120,1080,4320,10080,15120,15120,10080,4320,1080,120,],
		[210,1890,7560,17640,26460,26460,17640,7560,1890,210,],
		[252,2268,9072,21168,31752,31752,21168,9072,2268,252,],
		[210,1890,7560,17640,26460,26460,17640,7560,1890,210,],
		[120,1080,4320,10080,15120,15120,10080,4320,1080,120,],
		[45,405,1620,3780,5670,5670,3780,1620,405,45,],
		[10,90,360,840,1260,1260,840,360,90,10,],
		[1,9,36,84,126,126,84,36,9,1,],
	]),
	"1212": np.array([
		[1,11,55,165,330,462,462,330,165,55,11,1,],
		[11,121,605,1815,3630,5082,5082,3630,1815,605,121,11,],
		[55,605,3025,9075,18150,25410,25410,18150,9075,3025,605,55,],
		[165,1815,9075,27225,54450,76230,76230,54450,27225,9075,1815,165,],
		[330,3630,18150,54450,108900,152460,152460,108900,54450,18150,3630,330,],
		[462,5082,25410,76230,152460,213444,213444,152460,76230,25410,5082,462,],
		[462,5082,25410,76230,152460,213444,213444,152460,76230,25410,5082,462,],
		[330,3630,18150,54450,108900,152460,152460,108900,54450,18150,3630,330,],
		[165,1815,9075,27225,54450,76230,76230,54450,27225,9075,1815,165,],
		[55,605,3025,9075,18150,25410,25410,18150,9075,3025,605,55,],
		[11,121,605,1815,3630,5082,5082,3630,1815,605,121,11,],
		[1,11,55,165,330,462,462,330,165,55,11,1,],
	]),
	"1112": np.array([
		[1,11,55,165,330,462,462,330,165,55,11,1,],
		[10,110,550,1650,3300,4620,4620,3300,1650,550,110,10,],
		[45,495,2475,7425,14850,20790,20790,14850,7425,2475,495,45,],
		[120,1320,6600,19800,39600,55440,55440,39600,19800,6600,1320,120,],
		[210,2310,11550,34650,69300,97020,97020,69300,34650,11550,2310,210,],
		[252,2772,13860,41580,83160,116424,116424,83160,41580,13860,2772,252,],
		[210,2310,11550,34650,69300,97020,97020,69300,34650,11550,2310,210,],
		[120,1320,6600,19800,39600,55440,55440,39600,19800,6600,1320,120,],
		[45,495,2475,7425,14850,20790,20790,14850,7425,2475,495,45,],
		[10,110,550,1650,3300,4620,4620,3300,1650,550,110,10,],
		[1,11,55,165,330,462,462,330,165,55,11,1,],
	]),
	"1211": np.array([
		[1,10,45,120,210,252,210,120,45,10,1,],
		[11,110,495,1320,2310,2772,2310,1320,495,110,11,],
		[55,550,2475,6600,11550,13860,11550,6600,2475,550,55,],
		[165,1650,7425,19800,34650,41580,34650,19800,7425,1650,165,],
		[330,3300,14850,39600,69300,83160,69300,39600,14850,3300,330,],
		[462,4620,20790,55440,97020,116424,97020,55440,20790,4620,462,],
		[462,4620,20790,55440,97020,116424,97020,55440,20790,4620,462,],
		[330,3300,14850,39600,69300,83160,69300,39600,14850,3300,330,],
		[165,1650,7425,19800,34650,41580,34650,19800,7425,1650,165,],
		[55,550,2475,6600,11550,13860,11550,6600,2475,550,55,],
		[11,110,495,1320,2310,2772,2310,1320,495,110,11,],
		[1,10,45,120,210,252,210,120,45,10,1,],
	]),
	"1313": np.array([
		[1,12,66,220,495,792,924,792,495,220,66,12,1,],
		[12,144,792,2640,5940,9504,11088,9504,5940,2640,792,144,12,],
		[66,792,4356,14520,32670,52272,60984,52272,32670,14520,4356,792,66,],
		[220,2640,14520,48400,108900,174240,203280,174240,108900,48400,14520,2640,220,],
		[495,5940,32670,108900,245025,392040,457380,392040,245025,108900,32670,5940,495,],
		[792,9504,52272,174240,392040,627264,731808,627264,392040,174240,52272,9504,792,],
		[924,11088,60984,203280,457380,731808,853776,731808,457380,203280,60984,11088,924,],
		[792,9504,52272,174240,392040,627264,731808,627264,392040,174240,52272,9504,792,],
		[495,5940,32670,108900,245025,392040,457380,392040,245025,108900,32670,5940,495,],
		[220,2640,14520,48400,108900,174240,203280,174240,108900,48400,14520,2640,220,],
		[66,792,4356,14520,32670,52272,60984,52272,32670,14520,4356,792,66,],
		[12,144,792,2640,5940,9504,11088,9504,5940,2640,792,144,12,],
		[1,12,66,220,495,792,924,792,495,220,66,12,1,],
	]),
	"1213": np.array([
		[1,12,66,220,495,792,924,792,495,220,66,12,1,],
		[11,132,726,2420,5445,8712,10164,8712,5445,2420,726,132,11,],
		[55,660,3630,12100,27225,43560,50820,43560,27225,12100,3630,660,55,],
		[165,1980,10890,36300,81675,130680,152460,130680,81675,36300,10890,1980,165,],
		[330,3960,21780,72600,163350,261360,304920,261360,163350,72600,21780,3960,330,],
		[462,5544,30492,101640,228690,365904,426888,365904,228690,101640,30492,5544,462,],
		[462,5544,30492,101640,228690,365904,426888,365904,228690,101640,30492,5544,462,],
		[330,3960,21780,72600,163350,261360,304920,261360,163350,72600,21780,3960,330,],
		[165,1980,10890,36300,81675,130680,152460,130680,81675,36300,10890,1980,165,],
		[55,660,3630,12100,27225,43560,50820,43560,27225,12100,3630,660,55,],
		[11,132,726,2420,5445,8712,10164,8712,5445,2420,726,132,11,],
		[1,12,66,220,495,792,924,792,495,220,66,12,1,],
	]),
	"1312": np.array([
		[1,11,55,165,330,462,462,330,165,55,11,1,],
		[12,132,660,1980,3960,5544,5544,3960,1980,660,132,12,],
		[66,726,3630,10890,21780,30492,30492,21780,10890,3630,726,66,],
		[220,2420,12100,36300,72600,101640,101640,72600,36300,12100,2420,220,],
		[495,5445,27225,81675,163350,228690,228690,163350,81675,27225,5445,495,],
		[792,8712,43560,130680,261360,365904,365904,261360,130680,43560,8712,792,],
		[924,10164,50820,152460,304920,426888,426888,304920,152460,50820,10164,924,],
		[792,8712,43560,130680,261360,365904,365904,261360,130680,43560,8712,792,],
		[495,5445,27225,81675,163350,228690,228690,163350,81675,27225,5445,495,],
		[220,2420,12100,36300,72600,101640,101640,72600,36300,12100,2420,220,],
		[66,726,3630,10890,21780,30492,30492,21780,10890,3630,726,66,],
		[12,132,660,1980,3960,5544,5544,3960,1980,660,132,12,],
		[1,11,55,165,330,462,462,330,165,55,11,1,],
	]),
	"1414": np.array([
		[1,13,78,286,715,1287,1716,1716,1287,715,286,78,13,1,],
		[13,169,1014,3718,9295,16731,22308,22308,16731,9295,3718,1014,169,13,],
		[78,1014,6084,22308,55770,100386,133848,133848,100386,55770,22308,6084,1014,78,],
		[286,3718,22308,81796,204490,368082,490776,490776,368082,204490,81796,22308,3718,286,],
		[715,9295,55770,204490,511225,920205,1226940,1226940,920205,511225,204490,55770,9295,715,],
		[1287,16731,100386,368082,920205,1656369,2208492,2208492,1656369,920205,368082,100386,16731,1287,],
		[1716,22308,133848,490776,1226940,2208492,2944656,2944656,2208492,1226940,490776,133848,22308,1716,],
		[1716,22308,133848,490776,1226940,2208492,2944656,2944656,2208492,1226940,490776,133848,22308,1716,],
		[1287,16731,100386,368082,920205,1656369,2208492,2208492,1656369,920205,368082,100386,16731,1287,],
		[715,9295,55770,204490,511225,920205,1226940,1226940,920205,511225,204490,55770,9295,715,],
		[286,3718,22308,81796,204490,368082,490776,490776,368082,204490,81796,22308,3718,286,],
		[78,1014,6084,22308,55770,100386,133848,133848,100386,55770,22308,6084,1014,78,],
		[13,169,1014,3718,9295,16731,22308,22308,16731,9295,3718,1014,169,13,],
		[1,13,78,286,715,1287,1716,1716,1287,715,286,78,13,1,],
	]),
	"1314": np.array([
		[1,13,78,286,715,1287,1716,1716,1287,715,286,78,13,1,],
		[12,156,936,3432,8580,15444,20592,20592,15444,8580,3432,936,156,12,],
		[66,858,5148,18876,47190,84942,113256,113256,84942,47190,18876,5148,858,66,],
		[220,2860,17160,62920,157300,283140,377520,377520,283140,157300,62920,17160,2860,220,],
		[495,6435,38610,141570,353925,637065,849420,849420,637065,353925,141570,38610,6435,495,],
		[792,10296,61776,226512,566280,1019304,1359072,1359072,1019304,566280,226512,61776,10296,792,],
		[924,12012,72072,264264,660660,1189188,1585584,1585584,1189188,660660,264264,72072,12012,924,],
		[792,10296,61776,226512,566280,1019304,1359072,1359072,1019304,566280,226512,61776,10296,792,],
		[495,6435,38610,141570,353925,637065,849420,849420,637065,353925,141570,38610,6435,495,],
		[220,2860,17160,62920,157300,283140,377520,377520,283140,157300,62920,17160,2860,220,],
		[66,858,5148,18876,47190,84942,113256,113256,84942,47190,18876,5148,858,66,],
		[12,156,936,3432,8580,15444,20592,20592,15444,8580,3432,936,156,12,],
		[1,13,78,286,715,1287,1716,1716,1287,715,286,78,13,1,],
	]),
	"1413": np.array([
		[1,12,66,220,495,792,924,792,495,220,66,12,1,],
		[13,156,858,2860,6435,10296,12012,10296,6435,2860,858,156,13,],
		[78,936,5148,17160,38610,61776,72072,61776,38610,17160,5148,936,78,],
		[286,3432,18876,62920,141570,226512,264264,226512,141570,62920,18876,3432,286,],
		[715,8580,47190,157300,353925,566280,660660,566280,353925,157300,47190,8580,715,],
		[1287,15444,84942,283140,637065,1019304,1189188,1019304,637065,283140,84942,15444,1287,],
		[1716,20592,113256,377520,849420,1359072,1585584,1359072,849420,377520,113256,20592,1716,],
		[1716,20592,113256,377520,849420,1359072,1585584,1359072,849420,377520,113256,20592,1716,],
		[1287,15444,84942,283140,637065,1019304,1189188,1019304,637065,283140,84942,15444,1287,],
		[715,8580,47190,157300,353925,566280,660660,566280,353925,157300,47190,8580,715,],
		[286,3432,18876,62920,141570,226512,264264,226512,141570,62920,18876,3432,286,],
		[78,936,5148,17160,38610,61776,72072,61776,38610,17160,5148,936,78,],
		[13,156,858,2860,6435,10296,12012,10296,6435,2860,858,156,13,],
		[1,12,66,220,495,792,924,792,495,220,66,12,1,],
	]),
	"1515": np.array([
		[1,14,91,364,1001,2002,3003,3432,3003,2002,1001,364,91,14,1,],
		[14,196,1274,5096,14014,28028,42042,48048,42042,28028,14014,5096,1274,196,14,],
		[91,1274,8281,33124,91091,182182,273273,312312,273273,182182,91091,33124,8281,1274,91,],
		[364,5096,33124,132496,364364,728728,1093092,1249248,1093092,728728,364364,132496,33124,5096,364,],
		[1001,14014,91091,364364,1002001,2004002,3006003,3435432,3006003,2004002,1002001,364364,91091,14014,1001,],
		[2002,28028,182182,728728,2004002,4008004,6012006,6870864,6012006,4008004,2004002,728728,182182,28028,2002,],
		[3003,42042,273273,1093092,3006003,6012006,9018009,10306296,9018009,6012006,3006003,1093092,273273,42042,3003,],
		[3432,48048,312312,1249248,3435432,6870864,10306296,11778624,10306296,6870864,3435432,1249248,312312,48048,3432,],
		[3003,42042,273273,1093092,3006003,6012006,9018009,10306296,9018009,6012006,3006003,1093092,273273,42042,3003,],
		[2002,28028,182182,728728,2004002,4008004,6012006,6870864,6012006,4008004,2004002,728728,182182,28028,2002,],
		[1001,14014,91091,364364,1002001,2004002,3006003,3435432,3006003,2004002,1002001,364364,91091,14014,1001,],
		[364,5096,33124,132496,364364,728728,1093092,1249248,1093092,728728,364364,132496,33124,5096,364,],
		[91,1274,8281,33124,91091,182182,273273,312312,273273,182182,91091,33124,8281,1274,91,],
		[14,196,1274,5096,14014,28028,42042,48048,42042,28028,14014,5096,1274,196,14,],
		[1,14,91,364,1001,2002,3003,3432,3003,2002,1001,364,91,14,1,],
	]),
	"1415": np.array([
		[1,14,91,364,1001,2002,3003,3432,3003,2002,1001,364,91,14,1,],
		[13,182,1183,4732,13013,26026,39039,44616,39039,26026,13013,4732,1183,182,13,],
		[78,1092,7098,28392,78078,156156,234234,267696,234234,156156,78078,28392,7098,1092,78,],
		[286,4004,26026,104104,286286,572572,858858,981552,858858,572572,286286,104104,26026,4004,286,],
		[715,10010,65065,260260,715715,1431430,2147145,2453880,2147145,1431430,715715,260260,65065,10010,715,],
		[1287,18018,117117,468468,1288287,2576574,3864861,4416984,3864861,2576574,1288287,468468,117117,18018,1287,],
		[1716,24024,156156,624624,1717716,3435432,5153148,5889312,5153148,3435432,1717716,624624,156156,24024,1716,],
		[1716,24024,156156,624624,1717716,3435432,5153148,5889312,5153148,3435432,1717716,624624,156156,24024,1716,],
		[1287,18018,117117,468468,1288287,2576574,3864861,4416984,3864861,2576574,1288287,468468,117117,18018,1287,],
		[715,10010,65065,260260,715715,1431430,2147145,2453880,2147145,1431430,715715,260260,65065,10010,715,],
		[286,4004,26026,104104,286286,572572,858858,981552,858858,572572,286286,104104,26026,4004,286,],
		[78,1092,7098,28392,78078,156156,234234,267696,234234,156156,78078,28392,7098,1092,78,],
		[13,182,1183,4732,13013,26026,39039,44616,39039,26026,13013,4732,1183,182,13,],
		[1,14,91,364,1001,2002,3003,3432,3003,2002,1001,364,91,14,1,],
	]),
	"1514": np.array([
		[1,13,78,286,715,1287,1716,1716,1287,715,286,78,13,1,],
		[14,182,1092,4004,10010,18018,24024,24024,18018,10010,4004,1092,182,14,],
		[91,1183,7098,26026,65065,117117,156156,156156,117117,65065,26026,7098,1183,91,],
		[364,4732,28392,104104,260260,468468,624624,624624,468468,260260,104104,28392,4732,364,],
		[1001,13013,78078,286286,715715,1288287,1717716,1717716,1288287,715715,286286,78078,13013,1001,],
		[2002,26026,156156,572572,1431430,2576574,3435432,3435432,2576574,1431430,572572,156156,26026,2002,],
		[3003,39039,234234,858858,2147145,3864861,5153148,5153148,3864861,2147145,858858,234234,39039,3003,],
		[3432,44616,267696,981552,2453880,4416984,5889312,5889312,4416984,2453880,981552,267696,44616,3432,],
		[3003,39039,234234,858858,2147145,3864861,5153148,5153148,3864861,2147145,858858,234234,39039,3003,],
		[2002,26026,156156,572572,1431430,2576574,3435432,3435432,2576574,1431430,572572,156156,26026,2002,],
		[1001,13013,78078,286286,715715,1288287,1717716,1717716,1288287,715715,286286,78078,13013,1001,],
		[364,4732,28392,104104,260260,468468,624624,624624,468468,260260,104104,28392,4732,364,],
		[91,1183,7098,26026,65065,117117,156156,156156,117117,65065,26026,7098,1183,91,],
		[14,182,1092,4004,10010,18018,24024,24024,18018,10010,4004,1092,182,14,],
		[1,13,78,286,715,1287,1716,1716,1287,715,286,78,13,1,],
	]),
	"1616": np.array([
		[1,15,105,455,1365,3003,5005,6435,6435,5005,3003,1365,455,105,15,1,],
		[15,225,1575,6825,20475,45045,75075,96525,96525,75075,45045,20475,6825,1575,225,15,],
		[105,1575,11025,47775,143325,315315,525525,675675,675675,525525,315315,143325,47775,11025,1575,105,],
		[455,6825,47775,207025,621075,1366365,2277275,2927925,2927925,2277275,1366365,621075,207025,47775,6825,455,],
		[1365,20475,143325,621075,1863225,4099095,6831825,8783775,8783775,6831825,4099095,1863225,621075,143325,20475,1365,],
		[3003,45045,315315,1366365,4099095,9018009,15030015,19324305,19324305,15030015,9018009,4099095,1366365,315315,45045,3003,],
		[5005,75075,525525,2277275,6831825,15030015,25050025,32207175,32207175,25050025,15030015,6831825,2277275,525525,75075,5005,],
		[6435,96525,675675,2927925,8783775,19324305,32207175,41409225,41409225,32207175,19324305,8783775,2927925,675675,96525,6435,],
		[6435,96525,675675,2927925,8783775,19324305,32207175,41409225,41409225,32207175,19324305,8783775,2927925,675675,96525,6435,],
		[5005,75075,525525,2277275,6831825,15030015,25050025,32207175,32207175,25050025,15030015,6831825,2277275,525525,75075,5005,],
		[3003,45045,315315,1366365,4099095,9018009,15030015,19324305,19324305,15030015,9018009,4099095,1366365,315315,45045,3003,],
		[1365,20475,143325,621075,1863225,4099095,6831825,8783775,8783775,6831825,4099095,1863225,621075,143325,20475,1365,],
		[455,6825,47775,207025,621075,1366365,2277275,2927925,2927925,2277275,1366365,621075,207025,47775,6825,455,],
		[105,1575,11025,47775,143325,315315,525525,675675,675675,525525,315315,143325,47775,11025,1575,105,],
		[15,225,1575,6825,20475,45045,75075,96525,96525,75075,45045,20475,6825,1575,225,15,],
		[1,15,105,455,1365,3003,5005,6435,6435,5005,3003,1365,455,105,15,1,],
	]),
	"1516": np.array([
		[1,15,105,455,1365,3003,5005,6435,6435,5005,3003,1365,455,105,15,1,],
		[14,210,1470,6370,19110,42042,70070,90090,90090,70070,42042,19110,6370,1470,210,14,],
		[91,1365,9555,41405,124215,273273,455455,585585,585585,455455,273273,124215,41405,9555,1365,91,],
		[364,5460,38220,165620,496860,1093092,1821820,2342340,2342340,1821820,1093092,496860,165620,38220,5460,364,],
		[1001,15015,105105,455455,1366365,3006003,5010005,6441435,6441435,5010005,3006003,1366365,455455,105105,15015,1001,],
		[2002,30030,210210,910910,2732730,6012006,10020010,12882870,12882870,10020010,6012006,2732730,910910,210210,30030,2002,],
		[3003,45045,315315,1366365,4099095,9018009,15030015,19324305,19324305,15030015,9018009,4099095,1366365,315315,45045,3003,],
		[3432,51480,360360,1561560,4684680,10306296,17177160,22084920,22084920,17177160,10306296,4684680,1561560,360360,51480,3432,],
		[3003,45045,315315,1366365,4099095,9018009,15030015,19324305,19324305,15030015,9018009,4099095,1366365,315315,45045,3003,],
		[2002,30030,210210,910910,2732730,6012006,10020010,12882870,12882870,10020010,6012006,2732730,910910,210210,30030,2002,],
		[1001,15015,105105,455455,1366365,3006003,5010005,6441435,6441435,5010005,3006003,1366365,455455,105105,15015,1001,],
		[364,5460,38220,165620,496860,1093092,1821820,2342340,2342340,1821820,1093092,496860,165620,38220,5460,364,],
		[91,1365,9555,41405,124215,273273,455455,585585,585585,455455,273273,124215,41405,9555,1365,91,],
		[14,210,1470,6370,19110,42042,70070,90090,90090,70070,42042,19110,6370,1470,210,14,],
		[1,15,105,455,1365,3003,5005,6435,6435,5005,3003,1365,455,105,15,1,],
	]),
	"1615": np.array([
		[1,14,91,364,1001,2002,3003,3432,3003,2002,1001,364,91,14,1,],
		[15,210,1365,5460,15015,30030,45045,51480,45045,30030,15015,5460,1365,210,15,],
		[105,1470,9555,38220,105105,210210,315315,360360,315315,210210,105105,38220,9555,1470,105,],
		[455,6370,41405,165620,455455,910910,1366365,1561560,1366365,910910,455455,165620,41405,6370,455,],
		[1365,19110,124215,496860,1366365,2732730,4099095,4684680,4099095,2732730,1366365,496860,124215,19110,1365,],
		[3003,42042,273273,1093092,3006003,6012006,9018009,10306296,9018009,6012006,3006003,1093092,273273,42042,3003,],
		[5005,70070,455455,1821820,5010005,10020010,15030015,17177160,15030015,10020010,5010005,1821820,455455,70070,5005,],
		[6435,90090,585585,2342340,6441435,12882870,19324305,22084920,19324305,12882870,6441435,2342340,585585,90090,6435,],
		[6435,90090,585585,2342340,6441435,12882870,19324305,22084920,19324305,12882870,6441435,2342340,585585,90090,6435,],
		[5005,70070,455455,1821820,5010005,10020010,15030015,17177160,15030015,10020010,5010005,1821820,455455,70070,5005,],
		[3003,42042,273273,1093092,3006003,6012006,9018009,10306296,9018009,6012006,3006003,1093092,273273,42042,3003,],
		[1365,19110,124215,496860,1366365,2732730,4099095,4684680,4099095,2732730,1366365,496860,124215,19110,1365,],
		[455,6370,41405,165620,455455,910910,1366365,1561560,1366365,910910,455455,165620,41405,6370,455,],
		[105,1470,9555,38220,105105,210210,315315,360360,315315,210210,105105,38220,9555,1470,105,],
		[15,210,1365,5460,15015,30030,45045,51480,45045,30030,15015,5460,1365,210,15,],
		[1,14,91,364,1001,2002,3003,3432,3003,2002,1001,364,91,14,1,],
	]),
	"1717": np.array([
		[1,16,120,560,1820,4368,8008,11440,12870,11440,8008,4368,1820,560,120,16,1,],
		[16,256,1920,8960,29120,69888,128128,183040,205920,183040,128128,69888,29120,8960,1920,256,16,],
		[120,1920,14400,67200,218400,524160,960960,1372800,1544400,1372800,960960,524160,218400,67200,14400,1920,120,],
		[560,8960,67200,313600,1019200,2446080,4484480,6406400,7207200,6406400,4484480,2446080,1019200,313600,67200,8960,560,],
		[1820,29120,218400,1019200,3312400,7949760,14574560,20820800,23423400,20820800,14574560,7949760,3312400,1019200,218400,29120,1820,],
		[4368,69888,524160,2446080,7949760,19079424,34978944,49969920,56216160,49969920,34978944,19079424,7949760,2446080,524160,69888,4368,],
		[8008,128128,960960,4484480,14574560,34978944,64128064,91611520,103062960,91611520,64128064,34978944,14574560,4484480,960960,128128,8008,],
		[11440,183040,1372800,6406400,20820800,49969920,91611520,130873600,147232800,130873600,91611520,49969920,20820800,6406400,1372800,183040,11440,],
		[12870,205920,1544400,7207200,23423400,56216160,103062960,147232800,165636900,147232800,103062960,56216160,23423400,7207200,1544400,205920,12870,],
		[11440,183040,1372800,6406400,20820800,49969920,91611520,130873600,147232800,130873600,91611520,49969920,20820800,6406400,1372800,183040,11440,],
		[8008,128128,960960,4484480,14574560,34978944,64128064,91611520,103062960,91611520,64128064,34978944,14574560,4484480,960960,128128,8008,],
		[4368,69888,524160,2446080,7949760,19079424,34978944,49969920,56216160,49969920,34978944,19079424,7949760,2446080,524160,69888,4368,],
		[1820,29120,218400,1019200,3312400,7949760,14574560,20820800,23423400,20820800,14574560,7949760,3312400,1019200,218400,29120,1820,],
		[560,8960,67200,313600,1019200,2446080,4484480,6406400,7207200,6406400,4484480,2446080,1019200,313600,67200,8960,560,],
		[120,1920,14400,67200,218400,524160,960960,1372800,1544400,1372800,960960,524160,218400,67200,14400,1920,120,],
		[16,256,1920,8960,29120,69888,128128,183040,205920,183040,128128,69888,29120,8960,1920,256,16,],
		[1,16,120,560,1820,4368,8008,11440,12870,11440,8008,4368,1820,560,120,16,1,],
	]),
	"1617": np.array([
		[1,16,120,560,1820,4368,8008,11440,12870,11440,8008,4368,1820,560,120,16,1,],
		[15,240,1800,8400,27300,65520,120120,171600,193050,171600,120120,65520,27300,8400,1800,240,15,],
		[105,1680,12600,58800,191100,458640,840840,1201200,1351350,1201200,840840,458640,191100,58800,12600,1680,105,],
		[455,7280,54600,254800,828100,1987440,3643640,5205200,5855850,5205200,3643640,1987440,828100,254800,54600,7280,455,],
		[1365,21840,163800,764400,2484300,5962320,10930920,15615600,17567550,15615600,10930920,5962320,2484300,764400,163800,21840,1365,],
		[3003,48048,360360,1681680,5465460,13117104,24048024,34354320,38648610,34354320,24048024,13117104,5465460,1681680,360360,48048,3003,],
		[5005,80080,600600,2802800,9109100,21861840,40080040,57257200,64414350,57257200,40080040,21861840,9109100,2802800,600600,80080,5005,],
		[6435,102960,772200,3603600,11711700,28108080,51531480,73616400,82818450,73616400,51531480,28108080,11711700,3603600,772200,102960,6435,],
		[6435,102960,772200,3603600,11711700,28108080,51531480,73616400,82818450,73616400,51531480,28108080,11711700,3603600,772200,102960,6435,],
		[5005,80080,600600,2802800,9109100,21861840,40080040,57257200,64414350,57257200,40080040,21861840,9109100,2802800,600600,80080,5005,],
		[3003,48048,360360,1681680,5465460,13117104,24048024,34354320,38648610,34354320,24048024,13117104,5465460,1681680,360360,48048,3003,],
		[1365,21840,163800,764400,2484300,5962320,10930920,15615600,17567550,15615600,10930920,5962320,2484300,764400,163800,21840,1365,],
		[455,7280,54600,254800,828100,1987440,3643640,5205200,5855850,5205200,3643640,1987440,828100,254800,54600,7280,455,],
		[105,1680,12600,58800,191100,458640,840840,1201200,1351350,1201200,840840,458640,191100,58800,12600,1680,105,],
		[15,240,1800,8400,27300,65520,120120,171600,193050,171600,120120,65520,27300,8400,1800,240,15,],
		[1,16,120,560,1820,4368,8008,11440,12870,11440,8008,4368,1820,560,120,16,1,],
	]),
	"1716": np.array([
		[1,15,105,455,1365,3003,5005,6435,6435,5005,3003,1365,455,105,15,1,],
		[16,240,1680,7280,21840,48048,80080,102960,102960,80080,48048,21840,7280,1680,240,16,],
		[120,1800,12600,54600,163800,360360,600600,772200,772200,600600,360360,163800,54600,12600,1800,120,],
		[560,8400,58800,254800,764400,1681680,2802800,3603600,3603600,2802800,1681680,764400,254800,58800,8400,560,],
		[1820,27300,191100,828100,2484300,5465460,9109100,11711700,11711700,9109100,5465460,2484300,828100,191100,27300,1820,],
		[4368,65520,458640,1987440,5962320,13117104,21861840,28108080,28108080,21861840,13117104,5962320,1987440,458640,65520,4368,],
		[8008,120120,840840,3643640,10930920,24048024,40080040,51531480,51531480,40080040,24048024,10930920,3643640,840840,120120,8008,],
		[11440,171600,1201200,5205200,15615600,34354320,57257200,73616400,73616400,57257200,34354320,15615600,5205200,1201200,171600,11440,],
		[12870,193050,1351350,5855850,17567550,38648610,64414350,82818450,82818450,64414350,38648610,17567550,5855850,1351350,193050,12870,],
		[11440,171600,1201200,5205200,15615600,34354320,57257200,73616400,73616400,57257200,34354320,15615600,5205200,1201200,171600,11440,],
		[8008,120120,840840,3643640,10930920,24048024,40080040,51531480,51531480,40080040,24048024,10930920,3643640,840840,120120,8008,],
		[4368,65520,458640,1987440,5962320,13117104,21861840,28108080,28108080,21861840,13117104,5962320,1987440,458640,65520,4368,],
		[1820,27300,191100,828100,2484300,5465460,9109100,11711700,11711700,9109100,5465460,2484300,828100,191100,27300,1820,],
		[560,8400,58800,254800,764400,1681680,2802800,3603600,3603600,2802800,1681680,764400,254800,58800,8400,560,],
		[120,1800,12600,54600,163800,360360,600600,772200,772200,600600,360360,163800,54600,12600,1800,120,],
		[16,240,1680,7280,21840,48048,80080,102960,102960,80080,48048,21840,7280,1680,240,16,],
		[1,15,105,455,1365,3003,5005,6435,6435,5005,3003,1365,455,105,15,1,],
	]),
	"1818": np.array([
		[1,17,136,680,2380,6188,12376,19448,24310,24310,19448,12376,6188,2380,680,136,17,1,],
		[17,289,2312,11560,40460,105196,210392,330616,413270,413270,330616,210392,105196,40460,11560,2312,289,17,],
		[136,2312,18496,92480,323680,841568,1683136,2644928,3306160,3306160,2644928,1683136,841568,323680,92480,18496,2312,136,],
		[680,11560,92480,462400,1618400,4207840,8415680,13224640,16530800,16530800,13224640,8415680,4207840,1618400,462400,92480,11560,680,],
		[2380,40460,323680,1618400,5664400,14727440,29454880,46286240,57857800,57857800,46286240,29454880,14727440,5664400,1618400,323680,40460,2380,],
		[6188,105196,841568,4207840,14727440,38291344,76582688,120344224,150430280,150430280,120344224,76582688,38291344,14727440,4207840,841568,105196,6188,],
		[12376,210392,1683136,8415680,29454880,76582688,153165376,240688448,300860560,300860560,240688448,153165376,76582688,29454880,8415680,1683136,210392,12376,],
		[19448,330616,2644928,13224640,46286240,120344224,240688448,378224704,472780880,472780880,378224704,240688448,120344224,46286240,13224640,2644928,330616,19448,],
		[24310,413270,3306160,16530800,57857800,150430280,300860560,472780880,590976100,590976100,472780880,300860560,150430280,57857800,16530800,3306160,413270,24310,],
		[24310,413270,3306160,16530800,57857800,150430280,300860560,472780880,590976100,590976100,472780880,300860560,150430280,57857800,16530800,3306160,413270,24310,],
		[19448,330616,2644928,13224640,46286240,120344224,240688448,378224704,472780880,472780880,378224704,240688448,120344224,46286240,13224640,2644928,330616,19448,],
		[12376,210392,1683136,8415680,29454880,76582688,153165376,240688448,300860560,300860560,240688448,153165376,76582688,29454880,8415680,1683136,210392,12376,],
		[6188,105196,841568,4207840,14727440,38291344,76582688,120344224,150430280,150430280,120344224,76582688,38291344,14727440,4207840,841568,105196,6188,],
		[2380,40460,323680,1618400,5664400,14727440,29454880,46286240,57857800,57857800,46286240,29454880,14727440,5664400,1618400,323680,40460,2380,],
		[680,11560,92480,462400,1618400,4207840,8415680,13224640,16530800,16530800,13224640,8415680,4207840,1618400,462400,92480,11560,680,],
		[136,2312,18496,92480,323680,841568,1683136,2644928,3306160,3306160,2644928,1683136,841568,323680,92480,18496,2312,136,],
		[17,289,2312,11560,40460,105196,210392,330616,413270,413270,330616,210392,105196,40460,11560,2312,289,17,],
		[1,17,136,680,2380,6188,12376,19448,24310,24310,19448,12376,6188,2380,680,136,17,1,],
	]),
	"1718": np.array([
		[1,17,136,680,2380,6188,12376,19448,24310,24310,19448,12376,6188,2380,680,136,17,1,],
		[16,272,2176,10880,38080,99008,198016,311168,388960,388960,311168,198016,99008,38080,10880,2176,272,16,],
		[120,2040,16320,81600,285600,742560,1485120,2333760,2917200,2917200,2333760,1485120,742560,285600,81600,16320,2040,120,],
		[560,9520,76160,380800,1332800,3465280,6930560,10890880,13613600,13613600,10890880,6930560,3465280,1332800,380800,76160,9520,560,],
		[1820,30940,247520,1237600,4331600,11262160,22524320,35395360,44244200,44244200,35395360,22524320,11262160,4331600,1237600,247520,30940,1820,],
		[4368,74256,594048,2970240,10395840,27029184,54058368,84948864,106186080,106186080,84948864,54058368,27029184,10395840,2970240,594048,74256,4368,],
		[8008,136136,1089088,5445440,19059040,49553504,99107008,155739584,194674480,194674480,155739584,99107008,49553504,19059040,5445440,1089088,136136,8008,],
		[11440,194480,1555840,7779200,27227200,70790720,141581440,222485120,278106400,278106400,222485120,141581440,70790720,27227200,7779200,1555840,194480,11440,],
		[12870,218790,1750320,8751600,30630600,79639560,159279120,250295760,312869700,312869700,250295760,159279120,79639560,30630600,8751600,1750320,218790,12870,],
		[11440,194480,1555840,7779200,27227200,70790720,141581440,222485120,278106400,278106400,222485120,141581440,70790720,27227200,7779200,1555840,194480,11440,],
		[8008,136136,1089088,5445440,19059040,49553504,99107008,155739584,194674480,194674480,155739584,99107008,49553504,19059040,5445440,1089088,136136,8008,],
		[4368,74256,594048,2970240,10395840,27029184,54058368,84948864,106186080,106186080,84948864,54058368,27029184,10395840,2970240,594048,74256,4368,],
		[1820,30940,247520,1237600,4331600,11262160,22524320,35395360,44244200,44244200,35395360,22524320,11262160,4331600,1237600,247520,30940,1820,],
		[560,9520,76160,380800,1332800,3465280,6930560,10890880,13613600,13613600,10890880,6930560,3465280,1332800,380800,76160,9520,560,],
		[120,2040,16320,81600,285600,742560,1485120,2333760,2917200,2917200,2333760,1485120,742560,285600,81600,16320,2040,120,],
		[16,272,2176,10880,38080,99008,198016,311168,388960,388960,311168,198016,99008,38080,10880,2176,272,16,],
		[1,17,136,680,2380,6188,12376,19448,24310,24310,19448,12376,6188,2380,680,136,17,1,],
	]),
	"1817": np.array([
		[1,16,120,560,1820,4368,8008,11440,12870,11440,8008,4368,1820,560,120,16,1,],
		[17,272,2040,9520,30940,74256,136136,194480,218790,194480,136136,74256,30940,9520,2040,272,17,],
		[136,2176,16320,76160,247520,594048,1089088,1555840,1750320,1555840,1089088,594048,247520,76160,16320,2176,136,],
		[680,10880,81600,380800,1237600,2970240,5445440,7779200,8751600,7779200,5445440,2970240,1237600,380800,81600,10880,680,],
		[2380,38080,285600,1332800,4331600,10395840,19059040,27227200,30630600,27227200,19059040,10395840,4331600,1332800,285600,38080,2380,],
		[6188,99008,742560,3465280,11262160,27029184,49553504,70790720,79639560,70790720,49553504,27029184,11262160,3465280,742560,99008,6188,],
		[12376,198016,1485120,6930560,22524320,54058368,99107008,141581440,159279120,141581440,99107008,54058368,22524320,6930560,1485120,198016,12376,],
		[19448,311168,2333760,10890880,35395360,84948864,155739584,222485120,250295760,222485120,155739584,84948864,35395360,10890880,2333760,311168,19448,],
		[24310,388960,2917200,13613600,44244200,106186080,194674480,278106400,312869700,278106400,194674480,106186080,44244200,13613600,2917200,388960,24310,],
		[24310,388960,2917200,13613600,44244200,106186080,194674480,278106400,312869700,278106400,194674480,106186080,44244200,13613600,2917200,388960,24310,],
		[19448,311168,2333760,10890880,35395360,84948864,155739584,222485120,250295760,222485120,155739584,84948864,35395360,10890880,2333760,311168,19448,],
		[12376,198016,1485120,6930560,22524320,54058368,99107008,141581440,159279120,141581440,99107008,54058368,22524320,6930560,1485120,198016,12376,],
		[6188,99008,742560,3465280,11262160,27029184,49553504,70790720,79639560,70790720,49553504,27029184,11262160,3465280,742560,99008,6188,],
		[2380,38080,285600,1332800,4331600,10395840,19059040,27227200,30630600,27227200,19059040,10395840,4331600,1332800,285600,38080,2380,],
		[680,10880,81600,380800,1237600,2970240,5445440,7779200,8751600,7779200,5445440,2970240,1237600,380800,81600,10880,680,],
		[136,2176,16320,76160,247520,594048,1089088,1555840,1750320,1555840,1089088,594048,247520,76160,16320,2176,136,],
		[17,272,2040,9520,30940,74256,136136,194480,218790,194480,136136,74256,30940,9520,2040,272,17,],
		[1,16,120,560,1820,4368,8008,11440,12870,11440,8008,4368,1820,560,120,16,1,],
	]),
	"1919": np.array([
		[1,18,153,816,3060,8568,18564,31824,43758,48620,43758,31824,18564,8568,3060,816,153,18,1,],
		[18,324,2754,14688,55080,154224,334152,572832,787644,875160,787644,572832,334152,154224,55080,14688,2754,324,18,],
		[153,2754,23409,124848,468180,1310904,2840292,4869072,6694974,7438860,6694974,4869072,2840292,1310904,468180,124848,23409,2754,153,],
		[816,14688,124848,665856,2496960,6991488,15148224,25968384,35706528,39673920,35706528,25968384,15148224,6991488,2496960,665856,124848,14688,816,],
		[3060,55080,468180,2496960,9363600,26218080,56805840,97381440,133899480,148777200,133899480,97381440,56805840,26218080,9363600,2496960,468180,55080,3060,],
		[8568,154224,1310904,6991488,26218080,73410624,159056352,272668032,374918544,416576160,374918544,272668032,159056352,73410624,26218080,6991488,1310904,154224,8568,],
		[18564,334152,2840292,15148224,56805840,159056352,344622096,590780736,812323512,902581680,812323512,590780736,344622096,159056352,56805840,15148224,2840292,334152,18564,],
		[31824,572832,4869072,25968384,97381440,272668032,590780736,1012766976,1392554592,1547282880,1392554592,1012766976,590780736,272668032,97381440,25968384,4869072,572832,31824,],
		[43758,787644,6694974,35706528,133899480,374918544,812323512,1392554592,1914762564,2127513960,1914762564,1392554592,812323512,374918544,133899480,35706528,6694974,787644,43758,],
		[48620,875160,7438860,39673920,148777200,416576160,902581680,1547282880,2127513960,2363904400,2127513960,1547282880,902581680,416576160,148777200,39673920,7438860,875160,48620,],
		[43758,787644,6694974,35706528,133899480,374918544,812323512,1392554592,1914762564,2127513960,1914762564,1392554592,812323512,374918544,133899480,35706528,6694974,787644,43758,],
		[31824,572832,4869072,25968384,97381440,272668032,590780736,1012766976,1392554592,1547282880,1392554592,1012766976,590780736,272668032,97381440,25968384,4869072,572832,31824,],
		[18564,334152,2840292,15148224,56805840,159056352,344622096,590780736,812323512,902581680,812323512,590780736,344622096,159056352,56805840,15148224,2840292,334152,18564,],
